$ANSIBLE_VAULT;1.1;AES256
36326166653139386435333330613132383635353661623036363564363061643263386637313365
6665633332363563656337663830316630353964313861380a666361333264383863306264336334
33626633393262633635383764343762373237323234396438643933616534663737636562356237
3831393339343830640a336232353437393033326235356364663338643834356432653434666332
33656264636164373464393263323238623138613665666135616235363234386337396532663833
33323233623538306334636135663739363361373635653265303036343435386134623133613138
32653935636661616364363139373937666435656361386539363031626365333038396538333330
62613464386433323530383439643765326237323137616239316439386236656165323362336339
31663063373631396434656431313633393030633738376632323065306666353561663662623664
30616430663064346133326261323739653936383064353936363834616134346433356533396631
61356166343436643639653037376431363765363964343233323764373735626332343166653834
36363035306366393561356664353739633738353036613366306631366462323431356661653731
39396164626138633930386566373233303439306633323230323637613066383733363935613234
36373635366232376437626562316431376465326164316632306166643231613263366161633436
38363635373264366361356630646637626136353438656235663533323765396235616139383165
61323764346539393662346164343262393237383637393965366464333266323265653262356532
64323737366637613666313732313833313030363633373838616635383266336537383131643031
63306230313836383033346639623238373537353961666633613439356435303131663535666330
32356463656566333364393635656131343639316432323339386263373934303839303165393235
31343838393134653061646363333063643834663533303761623638303638613834393463353062
30336463666336336237383235303936303665373263663663363130623066646435393333656534
33626532313236346564306535303335643135623262386366646363383234303132636334313539
65636663343934366431616639653163363861643431663262656630666666303139373265613930
38626535363030323237346164636530333238383131663235383535333866303236363331356463
3638
